[geometry]
count=4
id=111
[fiducial0]
x=55.000000
y=14.370000
z=0.000000
[fiducial1]
x=-14.420000
y=28.510000
z=0.000000
[fiducial2]
x=35.000000
y=1.490000
z=0.000000
[fiducial3]
x=0.000000
y=-35.000000
z=0.000000
