[geometry]
count=3
id=112
[fiducial0]
x=0.000000
y=0.000000
z=0.000000
[fiducial1]
x=90.000000
y=0.000000
z=0.000000
[fiducial2]
x=36.984722
y=20.937534
z=0.000000
