[geometry]
count=3
id=110
[fiducial0]
x=0.000000
y=0.000000
z=0.000000
[fiducial1]
x=83.500000
y=0.000000
z=0.000000
[fiducial2]
x=54.062874
y=40.416032
z=0.000000
